###new project####

abc <- 123

d<- 123/4

lalala<-1+2+3+4+5+6+7+8+9