###new project####

abc <- 123

d<- 123/4
